0 0.7842229331978453 0.16402628932976931 0.1965471010520916 0.12507050543198373
0 0.13490278299484465 0.1611280423233241 0.20190747653533042 0.12038872180618754
0 0.5708799889649385 0.16335746309751273 0.19476030922434512 0.12261814258037615
0 0.35557157372151105 0.23024008632317244 0.20369426836307666 0.25861280980588425
0 0.13758297073646408 0.2982374199359265 0.20012068470758412 0.12484756335456478
0 0.5717733848788117 0.29768006474237935 0.19654710105209142 0.12150343219328182
0 0.7870818001222392 0.2982374199359265 0.1947603092243453 0.12261814258037614
0 0.7870818001222392 0.4314453111936988 0.1947603092243453 0.12150343219328193
0 0.5717733848788117 0.4325600215807931 0.19297351739659888 0.1237328529674705
0 0.35557157372151105 0.4331173767743403 0.192973517396599 0.12261814258037618
0 0.13758297073646408 0.43311737677434026 0.19654710105209156 0.12261814258037611
0 0.1876131419133601 0.5496046122256977 0.30018102706137617 0.08583269980626326
0 0.1938669133104721 0.6304211152900365 0.24836406405673384 0.057964940128904914
0 0.7397318166869628 0.547932546645056 0.293033859750391 0.08471798941916849
0 0.467246062955654 0.530097180451547 0.20548106019082296 0.04904725703215035
0 0.7495591717395673 0.6811404379028283 0.2197753948127933 0.16386242690286623
0 0.19208012148272582 0.7184832358704883 0.2197753948127933 0.09809451406430085
0 0.46375369711051334 0.7300356889731023 0.23878036243518544 0.3303596238115919
0 0.7512647457569613 0.8328930565095337 0.27126748657602706 0.11856465026366962
0 0.19004967622392313 0.8379599219054168 0.2923841172675741 0.11856465026366948
