0 0.7586521553509681 0.15504451038575665 0.28062995088217624 0.1231454005934717
0 0.4661311048551402 0.15504451038575665 0.28062995088217624 0.1231454005934717
0 0.1736100543593123 0.1535608308605341 0.28062995088217624 0.1231454005934717
0 0.7435121365869877 0.2607132558245414 0.3027209294942055 0.06632987427338166
0 0.46663323765936066 0.2713076107432066 0.22445649406399643 0.08751858411071214
0 0.1912310261926811 0.25887075931694736 0.3056743044161003 0.06264488125819366
0 0.18975433873173372 0.35421995358493336 0.3056743044161003 0.1041010526790572
0 0.7449888240479352 0.39199113199060887 0.29976755457231086 0.17780091298281442
0 0.4720766546619663 0.491839762611276 0.23068733250483994 0.33679525222551926
0 0.7455719457759511 0.5749258160237392 0.29727749034128853 0.16765578635014858
0 0.19382492370252014 0.5786350148367952 0.3115468098776704 0.17210682492581586
0 0.6873055576690592 0.7240356083086052 0.4185667064005342 0.11275964391691388
0 0.24852398192531722 0.7307121661721068 0.4209449263232646 0.11424332344213646
0 0.8299987530328776 0.8434718100890207 0.13318031567289723 0.11127596439169139
0 0.46850932477787083 0.8471810089020775 0.5469905822279709 0.10089020771513284
0 0.10583078656149873 0.8516320474777449 0.13080209575016696 0.10979228486646889
