0 0.8035006899821068 0.1738321621038949 0.20571386670332728 0.11714745975292566
0 0.8013366721907618 0.3052373158756145 0.19758986437580467 0.11947626841243827
0 0.7999645203548207 0.4353518821603926 0.20033416804769102 0.12111292962356815
0 0.798592368518877 0.5662847790507365 0.19758986437580484 0.1178396072013095
0 0.7958480648469909 0.6988543371522096 0.19758986437580484 0.1178396072013095
0 0.7958480648469908 0.8314238952536824 0.2030784717195772 0.11783960720130944
0 0.5806717423019387 0.17070813431093618 0.20443402732488158 0.12019201464733015
0 0.35721727323176267 0.16690330620493582 0.20508540647750212 0.12711748431339057
0 0.1323051807624787 0.16396241381034715 0.18569148177190084 0.11697291877662452
0 0.13636718192623767 0.29962331369329576 0.1798886229665252 0.11835721367339
0 0.3554290887151427 0.3004869628786259 0.2008707389963003 0.12400893471812914
0 0.5785583539299018 0.3036673739151308 0.1990302908031535 0.12261914869921249
0 0.5773977821688274 0.43655968400455025 0.1990302908031535 0.12261914869921256
0 0.35108628875932396 0.434483241659403 0.19903029080315357 0.12261914869921256
0 0.1329002922764297 0.43368908782322 0.18510641886843854 0.12241513592361229
0 0.5773875898791332 0.5684067602239259 0.19662852187198646 0.12052868095912807
0 0.5733224499707401 0.7003766863067004 0.1996183429047972 0.11974150857014916
0 0.3510729577249991 0.5685225973898569 0.2054212017101648 0.1204336560185365
0 0.1299840372403302 0.5685225973898566 0.18104919472760275 0.12043365601853581
0 0.34933210008338583 0.7031452761002316 0.20193948642694085 0.11974150857015241
0 0.12882346547925563 0.7031452761002319 0.1856914817719 0.11697291877662357
0 0.34587201143196383 0.8359589996475705 0.2053604443147835 0.12508998200320548
0 0.5732063927946348 0.83077202531285 0.19660085632599938 0.11648841556275698
0 0.12893952265536268 0.8383856472450529 0.18638782482854385 0.11648841556275938
